0,278
54,2
54,0
74,4
74,3
74,2
0,9
74,1
74,0
73,52
73,51
73,50
73,49
73,48
73,47
73,46
73,45
73,44
73,43
73,42
73,41
73,40
73,39
73,38
73,37
73,36
73,35
10,22
10,143
10,160
10,151
10,109
10,120
10,211
10,4
10,2
10,3
11,19
9,7
8,9
8,4
8,16
8,11
8,18
8,5
69,4
69,3
69,2
69,1
69,0
58,3
58,1
54,3
54,1
53,3
53,1
36,3
36,1
20,3
20,2
20,1
19,3
19,2
19,1
17,3
17,2
17,1
16,3
16,2
16,1
15,3
15,2
15,1
18,1
14,2
13,2
12,3
18,3
12,2
14,1
12,1
11,30
11,28
11,27
11,26
11,25
11,24
11,23
11,22
11,21
11,18
14,3
13,1
11,17
11,16
