44,2
46,35
3,1
3,3
10,143
10,254
10,12
10,15
10,255
10,129
10,102
8,5
8,18
8,2
8,3
12,3
12,2
12,1
11,30
11,29
11,28
11,27
11,26
11,25
11,24
11,23
11,22
11,21
11,20
11,19
11,18
11,17
11,16
11,15
11,14
11,13
11,12
11,11
11,10
11,9
11,8
11,7
11,6
11,5
11,4
11,3
11,2
11,1
10,314
10,309
10,302
10,297
20,2
20,1
10,296
20,3
10,295
10,286
10,285
10,284
10,278
10,274
10,269
19,2
19,1
10,267
19,3
10,266
10,253
10,237
10,228
10,224
10,207
10,194
10,182
10,161
10,155
10,136
10,124
10,123
10,121
10,109
10,75
10,20
10,11
10,10
10,3
10,2
18,1
10,1
9,7
18,3
9,6
9,4
9,3
9,2
9,1
8,17
8,14
8,13
8,12
8,11
